1 512 512 512 90 0.9340479373931885 3.221225472 0.010378310415479873 310.3805285295137
1 512 512 512 90 0.9466681480407715 3.221225472 0.010518534978230795 306.2427874857727
1 512 512 512 90 0.9535219669342041 3.221225472 0.010594688521491157 304.0415454843996
1 512 512 512 90 0.9361491203308105 3.221225472 0.010401656892564561 309.68388068083993
1 512 512 512 90 0.9420769214630127 3.221225472 0.01046752134958903 307.7352664894703
1 512 512 512 90 0.93709397315979 3.221225472 0.010412155257331 309.37163271091225
1 512 512 512 90 0.9356751441955566 3.221225472 0.01039639049106174 309.84075432424714
1 512 512 512 90 0.9484589099884033 3.221225472 0.010538432333204482 305.6645780084924
1 512 512 512 90 0.943687915802002 3.221225472 0.01048542128668891 307.2099235620889
1 512 512 512 90 0.9328708648681641 3.221225472 0.01036523183186849 310.7721587177781
1 512 512 512 90 0.938805103302002 3.221225472 0.010431167814466688 308.80775089559717
1 512 512 512 90 0.9378070831298828 3.221225472 0.010420078701443142 309.13638603841565
1 512 512 512 90 0.9503159523010254 3.221225472 0.01055906613667806 305.0672692361235
1 512 512 512 90 0.9375438690185547 3.221225472 0.010417154100206162 309.22317564028833
1 512 512 512 90 0.9450640678405762 3.221225472 0.01050071186489529 306.76258080833657
1 512 512 512 90 0.9377551078796387 3.221225472 0.010419501198662652 309.1535199797708
1 512 512 512 90 0.9454519748687744 3.221225472 0.010505021942986383 306.6367199880656
1 512 512 512 90 0.9402899742126465 3.221225472 0.010447666380140516 308.3200931954602
1 512 512 512 90 0.9480838775634766 3.221225472 0.010534265306260851 305.7854893862909
1 512 512 512 90 0.9321670532226562 3.221225472 0.010357411702473958 311.0068002057485
8 512 512 512 90 0.9687850475311279 3.221225472 0.010764278305901421 299.25141105223855
8 512 512 512 90 0.9645669460296631 3.221225472 0.0107174105114407 300.5600530614538
8 512 512 512 90 0.9632339477539062 3.221225472 0.010702599419487847 300.975991508626
8 512 512 512 90 0.9634730815887451 3.221225472 0.010705256462097168 300.90128932501625
8 512 512 512 90 0.9681990146636963 3.221225472 0.010757766829596626 299.4325423690916
8 512 512 512 90 0.9681999683380127 3.221225472 0.01075777742597792 299.4322474288577
8 512 512 512 90 0.9731669425964355 3.221225472 0.010812966028849284 297.9039667197403
8 512 512 512 90 0.9741618633270264 3.221225472 0.010824020703633625 297.5997145791336
8 512 512 512 90 0.9661529064178467 3.221225472 0.01073503229353163 300.06667739052284
8 512 512 512 90 0.9670360088348389 3.221225472 0.01074484454260932 299.7926549077596
8 512 512 512 90 0.9747970104217529 3.221225472 0.010831077893575033 297.4058079584879
8 512 512 512 90 0.9715781211853027 3.221225472 0.010795312457614475 298.3911289874623
8 512 512 512 90 0.9669270515441895 3.221225472 0.01074363390604655 299.8264367689488
8 512 512 512 90 0.9685518741607666 3.221225472 0.010761687490675185 299.32345413218286
8 512 512 512 90 0.9622619152069092 3.221225472 0.010691799057854546 301.28002355539803
8 512 512 512 90 0.9672901630401611 3.221225472 0.010747668478224013 299.7138847859483
8 512 512 512 90 0.9680109024047852 3.221225472 0.010755676693386501 299.4907306930006
8 512 512 512 90 0.9707579612731934 3.221225472 0.010786199569702148 298.64322935839687
8 512 512 512 90 0.9707150459289551 3.221225472 0.010785722732543945 298.65643238542947
8 512 512 512 90 0.9659500122070312 3.221225472 0.010732777913411458 300.12970528112976
27 512 512 512 90 0.9870240688323975 3.221225472 0.010966934098137749 293.7216037932592
27 512 512 512 90 0.9850809574127197 3.221225472 0.010945343971252441 294.30098135430325
27 512 512 512 90 0.9811930656433105 3.221225472 0.010902145173814562 295.4671232719351
27 512 512 512 90 0.9798460006713867 3.221225472 0.01088717778523763 295.87332323789104
27 512 512 512 90 0.9858770370483398 3.221225472 0.010954189300537109 294.0633381095629
27 512 512 512 90 0.9844610691070557 3.221225472 0.010938456323411729 294.4862946616669
27 512 512 512 90 0.9826450347900391 3.221225472 0.010918278164333767 295.0305371887875
27 512 512 512 90 0.9798588752746582 3.221225472 0.01088732083638509 295.8694356865799
27 512 512 512 90 0.9865620136260986 3.221225472 0.010961800151401095 293.8591679750953
27 512 512 512 90 0.9891538619995117 3.221225472 0.010990598466661242 293.0891781526938
27 512 512 512 90 0.9829168319702148 3.221225472 0.010921298133002386 294.94895503914324
27 512 512 512 90 0.9864559173583984 3.221225472 0.010960621303982204 293.8907734025686
27 512 512 512 90 0.9825069904327393 3.221225472 0.010916744338141547 295.071989617408
27 512 512 512 90 0.984705924987793 3.221225472 0.01094117694430881 294.41306802697864
27 512 512 512 90 0.979964017868042 3.221225472 0.010888489087422688 295.83769117432854
27 512 512 512 90 0.9847640991210938 3.221225472 0.010941823323567709 294.3956758159098
27 512 512 512 90 0.9835910797119141 3.221225472 0.010928789774576822 294.74676871298226
27 512 512 512 90 0.9791169166564941 3.221225472 0.010879076851738823 296.09364065528644
27 512 512 512 90 0.9816069602966309 3.221225472 0.010906744003295898 295.3425395357754
27 512 512 512 90 0.9833881855010986 3.221225472 0.01092653539445665 294.80758133399
64 512 512 512 90 0.9891541004180908 3.221225472 0.010990601115756565 293.08910750858956
64 512 512 512 90 0.9896070957183838 3.221225472 0.010995634396870931 292.9549451841247
64 512 512 512 90 0.992056131362915 3.221225472 0.011022845904032389 292.23174305844265
64 512 512 512 90 0.9884791374206543 3.221225472 0.010983101526896159 293.28923748101994
64 512 512 512 90 0.994920015335083 3.221225472 0.011054666837056477 291.39055201574166
64 512 512 512 90 0.9878499507904053 3.221225472 0.010976110564337836 293.47604081777297
64 512 512 512 90 0.9888169765472412 3.221225472 0.010986855294969346 293.18903230435126
64 512 512 512 90 0.9844260215759277 3.221225472 0.010938066906399197 294.49677896150524
64 512 512 512 90 0.9901220798492432 3.221225472 0.011001356442769368 292.80257291519246
64 512 512 512 90 0.9839041233062744 3.221225472 0.010932268036736383 294.65299068551144
64 512 512 512 90 0.9850249290466309 3.221225472 0.010944721433851454 294.3177212383786
64 512 512 512 90 0.9897830486297607 3.221225472 0.010997589429219563 292.90286682657074
64 512 512 512 90 0.9830901622772217 3.221225472 0.010923224025302464 294.8969520846941
64 512 512 512 90 0.9945449829101562 3.221225472 0.011050499810112847 291.50043232000246
64 512 512 512 90 0.9882810115814209 3.221225472 0.010980900128682454 293.34803470127724
64 512 512 512 90 0.9904758930206299 3.221225472 0.01100528770022922 292.69797934795537
64 512 512 512 90 0.9823501110076904 3.221225472 0.010915001233418783 295.119112047141
64 512 512 512 90 0.9806761741638184 3.221225472 0.010896401935153538 295.6228570834755
64 512 512 512 90 0.9884629249572754 3.221225472 0.01098292138841417 293.2940479204426
64 512 512 512 90 0.9870820045471191 3.221225472 0.010967577828301324 293.7043641201959
125 512 512 512 90 0.9970932006835938 3.221225472 0.01107881334092882 290.7554602531051
125 512 512 512 90 1.0150079727172852 3.221225472 0.011277866363525391 285.6236603776412
125 512 512 512 90 1.0006930828094482 3.221225472 0.011118812031216091 289.70949980595066
125 512 512 512 90 1.0041658878326416 3.221225472 0.011157398753696018 288.70756913056744
125 512 512 512 90 1.0230579376220703 3.221225472 0.011367310418023004 283.37622124691075
125 512 512 512 90 1.0218260288238525 3.221225472 0.01135362254248725 283.71785832632787
125 512 512 512 90 1.0313291549682617 3.221225472 0.011459212832980686 281.1035556237346
125 512 512 512 90 1.0081279277801514 3.221225472 0.011201421419779459 287.57292055024044
125 512 512 512 90 1.0158588886260986 3.221225472 0.01128732098473443 285.38441286081576
125 512 512 512 90 0.9918308258056641 3.221225472 0.011020342508951822 292.29812679446206
125 512 512 512 90 1.0006229877471924 3.221225472 0.011118033197191027 289.7297943681121
125 512 512 512 90 1.0198469161987305 3.221225472 0.011331632402208117 284.26844056221785
125 512 512 512 90 1.0079660415649414 3.221225472 0.011199622684054904 287.6191067209893
125 512 512 512 90 0.996452808380127 3.221225472 0.0110716978708903 290.94232064164646
125 512 512 512 90 1.016430139541626 3.221225472 0.011293668217129177 285.2240219979499
125 512 512 512 90 1.0135829448699951 3.221225472 0.011262032720777724 286.0252275823215
125 512 512 512 90 0.9945950508117676 3.221225472 0.011051056120130751 291.4857581921218
125 512 512 512 90 1.0017030239105225 3.221225472 0.011130033599005804 289.41740771454073
125 512 512 512 90 1.0160350799560547 3.221225472 0.011289278666178385 285.3349241568895
125 512 512 512 90 0.9946188926696777 3.221225472 0.011051321029663086 291.47877103143054
216 512 512 512 90 1.0110080242156982 3.221225472 0.011233422491285536 286.75370079767805
216 512 512 512 90 1.003983974456787 3.221225472 0.011155377493964301 288.7598804919751
216 512 512 512 90 0.9931049346923828 3.221225472 0.011034499274359809 291.92312146732064
216 512 512 512 90 0.9962389469146729 3.221225472 0.011069321632385254 291.00477689398207
216 512 512 512 90 0.9913389682769775 3.221225472 0.01101487742529975 292.4431518957498
216 512 512 512 90 0.9879758358001709 3.221225472 0.010977509286668565 293.4386469535451
216 512 512 512 90 0.9968409538269043 3.221225472 0.011076010598076714 290.82903482950326
216 512 512 512 90 0.9944860935211182 3.221225472 0.01104984548356798 291.5176937804447
216 512 512 512 90 0.9922730922698975 3.221225472 0.01102525658077664 292.1678464713872
216 512 512 512 90 0.9938778877258301 3.221225472 0.011043087641398112 291.69608868486495
216 512 512 512 90 1.0026028156280518 3.221225472 0.01114003128475613 289.15766838176495
216 512 512 512 90 1.000662088394165 3.221225472 0.011118467648824055 289.71847324129175
216 512 512 512 90 0.9929680824279785 3.221225472 0.011032978693644205 291.9633547244734
216 512 512 512 90 0.9897878170013428 3.221225472 0.010997642411126031 292.901455746658
216 512 512 512 90 0.9945991039276123 3.221225472 0.011051101154751247 291.48457035117127
216 512 512 512 90 0.994642972946167 3.221225472 0.011051588588290744 291.4717143391419
216 512 512 512 90 0.9960529804229736 3.221225472 0.01106725533803304 291.0591084792394
216 512 512 512 90 0.991070032119751 3.221225472 0.01101188924577501 292.5225090904274
216 512 512 512 90 0.996103048324585 3.221225472 0.011067811648050945 291.0444787490815
216 512 512 512 90 0.9962210655212402 3.221225472 0.011069122950236003 291.01000020343264
512 512 512 512 90 0.9991440773010254 3.221225472 0.011101600858900282 290.1586458512879
512 512 512 512 90 0.9981718063354492 3.221225472 0.011090797848171657 290.44127537957297
512 512 512 512 90 0.9976179599761963 3.221225472 0.011084643999735515 290.6025193120194
512 512 512 512 90 1.0039019584655762 3.221225472 0.011154466205173068 288.7834713691726
512 512 512 512 90 1.0002031326293945 3.221225472 0.011113368140326606 289.8514142000998
512 512 512 512 90 1.0193839073181152 3.221225472 0.011326487859090168 284.3975566013412
512 512 512 512 90 1.0015339851379395 3.221225472 0.01112815539042155 289.46625554605737
512 512 512 512 90 1.0001678466796875 3.221225472 0.01111297607421875 289.86164016612935
512 512 512 512 90 0.998852014541626 3.221225472 0.011098355717129178 290.24348778336304
512 512 512 512 90 0.9998509883880615 3.221225472 0.011109455426534017 289.953498918261
512 512 512 512 90 0.9953110218048096 3.221225472 0.011059011353386774 291.276079666336
512 512 512 512 90 0.9934980869293213 3.221225472 0.011038867632548015 291.80760012940476
512 512 512 512 90 0.9922981262207031 3.221225472 0.01102553473578559 292.16047558626474
512 512 512 512 90 0.9951930046081543 3.221225472 0.011057700051201715 291.3106212941567
512 512 512 512 90 0.9982829093933105 3.221225472 0.01109203232659234 290.40895096179503
512 512 512 512 90 0.9964919090270996 3.221225472 0.01107213232252333 290.93090456002477
512 512 512 512 90 0.9925789833068848 3.221225472 0.011028655370076497 292.0778067596519
512 512 512 512 90 1.0022060871124268 3.221225472 0.011135623190138074 289.2721329555027
512 512 512 512 90 0.991750955581665 3.221225472 0.0110194550620185 292.3216668946557
512 512 512 512 90 0.9951310157775879 3.221225472 0.011057011286417643 291.3287676532384
1000 512 512 512 90 1.0334599018096924 3.221225472 0.01148288779788547 280.5239874061276
1000 512 512 512 90 1.0170190334320068 3.221225472 0.011300211482577854 285.0588661076244
1000 512 512 512 90 1.0364751815795898 3.221225472 0.011516390906439886 279.7078961776743
1000 512 512 512 90 1.0034151077270508 3.221225472 0.011149056752522786 288.92358730446927
1000 512 512 512 90 1.0056180953979492 3.221225472 0.011173534393310546 288.2906481165447
1000 512 512 512 90 1.0111370086669922 3.221225472 0.011234855651855469 286.71712141383904
1000 512 512 512 90 1.0050580501556396 3.221225472 0.011167311668395996 288.4512913807372
1000 512 512 512 90 1.020353078842163 3.221225472 0.01133725643157959 284.12742460577783
1000 512 512 512 90 0.9975872039794922 3.221225472 0.011084302266438802 290.6114786993196
1000 512 512 512 90 1.010585069656372 3.221225472 0.011228722996181911 286.87371423226926
1000 512 512 512 90 1.0133888721466064 3.221225472 0.011259876357184517 286.0800038842925
1000 512 512 512 90 0.9983890056610107 3.221225472 0.011093211174011231 290.3780899390583
1000 512 512 512 90 0.9993908405303955 3.221225472 0.01110434267255995 290.0870017241094
1000 512 512 512 90 0.9988658428192139 3.221225472 0.011098509364657932 290.23946965866094
1000 512 512 512 90 1.0087361335754395 3.221225472 0.011208179261949327 287.3995317808438
1000 512 512 512 90 1.0233879089355469 3.221225472 0.011370976765950521 283.2848521549795
1000 512 512 512 90 1.0156311988830566 3.221225472 0.01128479109870063 285.44839189543376
1000 512 512 512 90 0.9957358837127686 3.221225472 0.011063732041252983 291.1517976022123
1000 512 512 512 90 0.9934961795806885 3.221225472 0.011038846439785428 291.8081603518179
1000 512 512 512 90 0.9957840442657471 3.221225472 0.011064267158508301 291.1377162040879
2197 512 512 512 90 1.006438970565796 3.221225472 0.011182655228508843 288.05551152000737
2197 512 512 512 90 1.000309944152832 3.221225472 0.011114554935031468 289.8204643217124
2197 512 512 512 90 1.021346092224121 3.221225472 0.011348289913601345 283.8511790344061
2197 512 512 512 90 1.0026910305023193 3.221225472 0.011141011450025771 289.13222883300676
2197 512 512 512 90 1.0015809535980225 3.221225472 0.01112867726220025 289.4526812221646
2197 512 512 512 90 1.0017869472503662 3.221225472 0.011130966080559624 289.3931621645952
2197 512 512 512 90 0.9995851516723633 3.221225472 0.01110650168524848 290.0306111940173
2197 512 512 512 90 1.015455961227417 3.221225472 0.011282844013637966 285.4976518426022
2197 512 512 512 90 1.037642002105713 3.221225472 0.011529355578952365 279.3933667793688
2197 512 512 512 90 1.0024449825286865 3.221225472 0.011138277583652073 289.2031957192262
2197 512 512 512 90 1.0173060894012451 3.221225472 0.011303400993347168 284.9784302880092
2197 512 512 512 90 1.056675910949707 3.221225472 0.011740843454996744 274.36065256700874
2197 512 512 512 90 1.0010077953338623 3.221225472 0.011122308837042915 289.6184163913602
2197 512 512 512 90 1.015197992324829 3.221225472 0.0112799776924981 285.57019879058083
2197 512 512 512 90 0.9989988803863525 3.221225472 0.01109998755984836 290.2008182110076
2197 512 512 512 90 0.9983718395233154 3.221225472 0.01109302043914795 290.3830827384125
2197 512 512 512 90 1.011354923248291 3.221225472 0.011237276924981011 286.65534306083174
2197 512 512 512 90 1.0115690231323242 3.221225472 0.01123965581258138 286.59467208900145
2197 512 512 512 90 0.9956479072570801 3.221225472 0.011062754525078667 291.17752406940383
2197 512 512 512 90 1.017198085784912 3.221225472 0.01130220095316569 285.00868860394405
