1 512 512 512 90 0.9372940063476562 3.221225472 0.010414377848307291 309.30560797000123
1 512 512 512 90 0.9418549537658691 3.221225472 0.01046505504184299 307.80779070156836
1 512 512 512 90 0.939877986907959 3.221225472 0.010443088743421767 308.4552426147954
1 512 512 512 90 0.9386570453643799 3.221225472 0.010429522726270887 308.8564603139573
1 512 512 512 90 0.9374549388885498 3.221225472 0.010416165987650553 309.25250959125435
1 512 512 512 90 0.9442510604858398 3.221225472 0.010491678449842666 307.02670572679494
1 512 512 512 90 0.9386410713195801 3.221225472 0.010429345236884224 308.86171651580537
1 512 512 512 90 0.9295392036437988 3.221225472 0.010328213373819986 311.88603056605905
1 512 512 512 90 0.9415910243988037 3.221225472 0.010462122493320042 307.89406968392115
1 512 512 512 90 0.9325551986694336 3.221225472 0.010361724429660372 310.87735384848315
1 512 512 512 90 0.9326050281524658 3.221225472 0.010362278090582953 310.8607435393372
1 512 512 512 90 0.9398880004882812 3.221225472 0.010443200005425347 308.45195632818877
1 512 512 512 90 0.9335529804229736 3.221225472 0.010372810893588595 310.5450880234431
1 512 512 512 90 0.9386279582977295 3.221225472 0.010429199536641438 308.86603144207805
1 512 512 512 90 0.931318998336792 3.221225472 0.0103479888704088 311.2900015974548
1 512 512 512 90 0.9340448379516602 3.221225472 0.010378275977240668 310.38155846540184
1 512 512 512 90 0.9439029693603516 3.221225472 0.010487810770670573 307.13993057619217
1 512 512 512 90 0.9443621635437012 3.221225472 0.010492912928263346 306.9905844089699
1 512 512 512 90 0.9342830181121826 3.221225472 0.010380922423468695 310.3024317682605
1 512 512 512 90 0.9396378993988037 3.221225472 0.010440421104431153 308.53405622047546
8 512 512 512 90 0.9805209636688232 3.221225472 0.010894677374098036 295.6696523807511
8 512 512 512 90 0.9866609573364258 3.221225472 0.010962899525960286 293.829699375799
8 512 512 512 90 0.9808030128479004 3.221225472 0.010897811253865559 295.5846267623143
8 512 512 512 90 0.9871678352355957 3.221225472 0.01096853150261773 293.67882758336685
8 512 512 512 90 0.9833920001983643 3.221225472 0.010926577779981825 294.8064377394985
8 512 512 512 90 0.9821388721466064 3.221225472 0.010912654134962294 295.18258639570917
8 512 512 512 90 0.987868070602417 3.221225472 0.010976311895582411 293.4706577804547
8 512 512 512 90 0.9853620529174805 3.221225472 0.010948467254638671 294.2170257334627
8 512 512 512 90 0.980492115020752 3.221225472 0.01089435683356391 295.67835175692784
8 512 512 512 90 0.9835770130157471 3.221225472 0.010928633477952745 294.75098405472653
8 512 512 512 90 0.9855170249938965 3.221225472 0.01095018916659885 294.17076024820113
8 512 512 512 90 0.9810080528259277 3.221225472 0.010900089475843642 295.52284677467605
8 512 512 512 90 0.9866561889648438 3.221225472 0.01096284654405382 293.8311194137049
8 512 512 512 90 0.979773998260498 3.221225472 0.010886377758449979 295.8950666120044
8 512 512 512 90 0.9796319007873535 3.221225472 0.01088479889763726 295.93798675501705
8 512 512 512 90 0.9798989295959473 3.221225472 0.010887765884399414 295.857341735787
8 512 512 512 90 0.9837348461151123 3.221225472 0.010930387179056804 294.7036934036552
8 512 512 512 90 0.9833722114562988 3.221225472 0.010926357905069987 294.8123702322899
8 512 512 512 90 0.9876101016998291 3.221225472 0.010973445574442546 293.54731384482574
8 512 512 512 90 0.9800069332122803 3.221225472 0.010888965924580891 295.8247361880676
27 512 512 512 90 1.0259640216827393 3.221225472 0.011399600240919325 282.5735467843233
27 512 512 512 90 1.0188629627227783 3.221225472 0.011320699585808648 284.54296906156304
27 512 512 512 90 1.023468017578125 3.221225472 0.011371866861979166 283.2626789511477
27 512 512 512 90 1.0134360790252686 3.221225472 0.01126040087805854 286.0666779880564
27 512 512 512 90 1.0192108154296875 3.221225472 0.011324564615885416 284.44585564741794
27 512 512 512 90 1.0172181129455566 3.221225472 0.011302423477172852 285.00307730512907
27 512 512 512 90 1.0219600200653076 3.221225472 0.011355111334058974 283.68065950512766
27 512 512 512 90 1.0158379077911377 3.221225472 0.011287087864345974 285.3903071114838
27 512 512 512 90 1.0157220363616943 3.221225472 0.011285800404018826 285.42286383630665
27 512 512 512 90 1.019331932067871 3.221225472 0.01132591035630968 284.41205789744316
27 512 512 512 90 1.0130431652069092 3.221225472 0.011256035168965657 286.1776303685808
27 512 512 512 90 1.0182631015777588 3.221225472 0.011314034461975098 284.71059398184553
27 512 512 512 90 1.0200870037078857 3.221225472 0.01133430004119873 284.2015351888743
27 512 512 512 90 1.0138649940490723 3.221225472 0.011265166600545247 285.94565763848436
27 512 512 512 90 1.0143451690673828 3.221225472 0.011270501878526476 285.8102954702802
27 512 512 512 90 1.0075318813323975 3.221225472 0.011194798681471083 287.7430460032807
27 512 512 512 90 1.0179579257965088 3.221225472 0.01131064361996121 284.7959479790459
27 512 512 512 90 1.0140039920806885 3.221225472 0.01126671102311876 285.90646066897403
27 512 512 512 90 1.0189950466156006 3.221225472 0.011322167184617784 284.5060861118827
27 512 512 512 90 1.0126969814300537 3.221225472 0.011252188682556152 286.27545830205867
64 512 512 512 90 1.024595022201538 3.221225472 0.011384389135572645 282.95110380008714
64 512 512 512 90 1.0188770294189453 3.221225472 0.011320855882432725 284.53904063901876
64 512 512 512 90 1.024925947189331 3.221225472 0.011388066079881456 282.8597454040705
64 512 512 512 90 1.0149600505828857 3.221225472 0.011277333895365397 285.63714632266186
64 512 512 512 90 1.0179758071899414 3.221225472 0.01131084230211046 284.7909453568246
64 512 512 512 90 1.0129811763763428 3.221225472 0.011255346404181587 286.19514285257804
64 512 512 512 90 1.0204441547393799 3.221225472 0.01133826838599311 284.10206588330425
64 512 512 512 90 1.0188329219818115 3.221225472 0.011320365799797906 284.5513589373151
64 512 512 512 90 1.0134727954864502 3.221225472 0.011260808838738336 286.0563142603624
64 512 512 512 90 1.0123369693756104 3.221225472 0.011248188548617893 286.3772649326548
64 512 512 512 90 1.0179169178009033 3.221225472 0.011310187975565593 284.80742132306733
64 512 512 512 90 1.018286943435669 3.221225472 0.011314299371507432 284.7039278553956
64 512 512 512 90 1.0203800201416016 3.221225472 0.011337555779351128 284.1199227320897
64 512 512 512 90 1.018629789352417 3.221225472 0.01131810877058241 284.6081034644661
64 512 512 512 90 1.0183768272399902 3.221225472 0.011315298080444337 284.67879936517824
64 512 512 512 90 1.017143964767456 3.221225472 0.01130159960852729 285.0238535764016
64 512 512 512 90 1.0198941230773926 3.221225472 0.01133215692308214 284.2552828966549
64 512 512 512 90 1.0157451629638672 3.221225472 0.01128605736626519 285.416365295862
64 512 512 512 90 1.0269749164581299 3.221225472 0.011410832405090332 282.2953977102514
64 512 512 512 90 1.0178780555725098 3.221225472 0.011309756173027886 284.8182951708677
125 512 512 512 90 1.0315780639648438 3.221225472 0.011461978488498264 281.03572827609116
125 512 512 512 90 1.0250580310821533 3.221225472 0.011389533678690592 282.823297500476
125 512 512 512 90 1.0340421199798584 3.221225472 0.011489356888665094 280.3660381703281
125 512 512 512 90 1.0235490798950195 3.221225472 0.011372767554389106 283.2402453136245
125 512 512 512 90 1.0225999355316162 3.221225472 0.011362221505906846 283.5031397975643
125 512 512 512 90 1.03078293800354 3.221225472 0.01145314375559489 281.25251378482204
125 512 512 512 90 1.028069019317627 3.221225472 0.011422989103529188 281.9949702136008
125 512 512 512 90 1.0197720527648926 3.221225472 0.011330800586276585 284.28930925687814
125 512 512 512 90 1.027782917022705 3.221225472 0.011419810189141167 282.07346870467154
125 512 512 512 90 1.0466759204864502 3.221225472 0.011629732449849446 276.98190701211706
125 512 512 512 90 1.0260732173919678 3.221225472 0.01140081352657742 282.5434750327881
125 512 512 512 90 1.0255498886108398 3.221225472 0.011394998762342665 282.68765439845976
125 512 512 512 90 1.0263237953186035 3.221225472 0.01140359772576226 282.4744917757681
125 512 512 512 90 1.0180480480194092 3.221225472 0.011311644977993435 284.7707365521837
125 512 512 512 90 1.021589994430542 3.221225472 0.011350999938117133 283.7834102335769
125 512 512 512 90 1.039639949798584 3.221225472 0.011551554997762043 278.85643730424766
125 512 512 512 90 1.0382180213928223 3.221225472 0.01153575579325358 279.2383550528921
125 512 512 512 90 1.026151180267334 3.221225472 0.011401679780748155 282.5220085060685
125 512 512 512 90 1.0319550037384033 3.221225472 0.011466166708204481 280.9330750175723
125 512 512 512 90 1.0234251022338867 3.221225472 0.011371390024820963 283.2745570215121
216 512 512 512 90 1.0250859260559082 3.221225472 0.011389843622843425 282.8156012203296
216 512 512 512 90 1.0291941165924072 3.221225472 0.01143549018436008 281.6866981710637
216 512 512 512 90 1.021780014038086 3.221225472 0.011353111267089844 283.73063526098076
216 512 512 512 90 1.0198049545288086 3.221225472 0.011331166161431207 284.28013728757605
216 512 512 512 90 1.022798776626587 3.221225472 0.011364430851406522 283.448024288988
216 512 512 512 90 1.024284839630127 3.221225472 0.011380942662556966 283.03678943904674
216 512 512 512 90 1.0317859649658203 3.221225472 0.011464288499620225 280.9791006312087
216 512 512 512 90 1.0252671241760254 3.221225472 0.011391856935289171 282.76561848502814
216 512 512 512 90 1.0273308753967285 3.221225472 0.011414787504408094 282.19758543521255
216 512 512 512 90 1.0252220630645752 3.221225472 0.011391356256273058 282.7780467515549
216 512 512 512 90 1.0219321250915527 3.221225472 0.011354801389906142 283.6884029397036
216 512 512 512 90 1.0217931270599365 3.221225472 0.011353256967332628 283.72699404837005
216 512 512 512 90 1.0233349800109863 3.221225472 0.011370388666788737 283.29950421208855
216 512 512 512 90 1.0295839309692383 3.221225472 0.011439821455213758 281.5800477840421
216 512 512 512 90 1.023813009262085 3.221225472 0.011375700102912055 283.16722864163773
216 512 512 512 90 1.0218260288238525 3.221225472 0.01135362254248725 283.71785832632787
216 512 512 512 90 1.0258259773254395 3.221225472 0.011398066414727105 282.61157241880517
216 512 512 512 90 1.0240209102630615 3.221225472 0.011378010114034018 283.10973884852086
216 512 512 512 90 1.0236899852752686 3.221225472 0.011374333169725206 283.2012588284173
216 512 512 512 90 1.0213518142700195 3.221225472 0.011348353491889106 283.8495887797533
512 512 512 512 90 1.0303359031677246 3.221225472 0.011448176701863606 281.37454163121265
512 512 512 512 90 1.0290100574493408 3.221225472 0.011433445082770454 281.7370835019973
512 512 512 512 90 1.0246670246124268 3.221225472 0.011385189162360298 282.93122108585135
512 512 512 512 90 1.033588171005249 3.221225472 0.011484313011169433 280.489174134064
512 512 512 512 90 1.0225529670715332 3.221225472 0.011361699634128147 283.5161618182652
512 512 512 512 90 1.022284984588623 3.221225472 0.0113587220509847 283.5904829382411
512 512 512 512 90 1.0221688747406006 3.221225472 0.011357431941562229 283.6226964488344
512 512 512 512 90 1.0271661281585693 3.221225472 0.01141295697953966 282.24284712321133
512 512 512 512 90 1.0199179649353027 3.221225472 0.011332421832614474 284.2486380739358
512 512 512 512 90 1.025109052658081 3.221225472 0.01139010058508979 282.8092208612051
512 512 512 512 90 1.025683879852295 3.221225472 0.011396487553914389 282.6507252134536
512 512 512 512 90 1.0211849212646484 3.221225472 0.01134649912516276 283.89597852754366
512 512 512 512 90 1.0226640701293945 3.221225472 0.011362934112548828 283.4853603914319
512 512 512 512 90 1.027890920639038 3.221225472 0.011421010229322645 282.04383038986595
512 512 512 512 90 1.0252108573913574 3.221225472 0.011391231748792861 282.7811375483039
512 512 512 512 90 1.0222411155700684 3.221225472 0.011358234617445204 283.60265309650265
512 512 512 512 90 1.0271611213684082 3.221225472 0.011412901348537868 282.2442228866438
512 512 512 512 90 1.0223748683929443 3.221225472 0.011359720759921603 283.5655506044526
512 512 512 512 90 1.023226022720337 3.221225472 0.011369178030225966 283.32967110164753
512 512 512 512 90 1.0279240608215332 3.221225472 0.01142137845357259 282.0347373212561
1000 512 512 512 90 1.0321760177612305 3.221225472 0.011468622419569228 280.8729204044187
1000 512 512 512 90 1.0510649681091309 3.221225472 0.011678499645657009 275.8252831902004
1000 512 512 512 90 1.0273869037628174 3.221225472 0.011415410041809081 282.18219583897746
1000 512 512 512 90 1.0277771949768066 3.221225472 0.011419746610853408 282.075039120266
1000 512 512 512 90 1.0329020023345947 3.221225472 0.01147668891482883 280.67550631592974
1000 512 512 512 90 1.0249109268188477 3.221225472 0.011387899186876086 282.86389079666964
1000 512 512 512 90 1.037930965423584 3.221225472 0.011532566282484266 279.3155827677676
1000 512 512 512 90 1.0536549091339111 3.221225472 0.011707276768154569 275.14728965511296
1000 512 512 512 90 1.0262329578399658 3.221225472 0.011402588420444065 282.4994951343295
1000 512 512 512 90 1.0329978466033936 3.221225472 0.011477753851148817 280.6494645010692
1000 512 512 512 90 1.0336041450500488 3.221225472 0.011484490500556098 280.4848392572594
1000 512 512 512 90 1.0281410217285156 3.221225472 0.01142378913031684 281.9752216409004
1000 512 512 512 90 1.0298659801483154 3.221225472 0.011442955334981282 281.5029315156607
1000 512 512 512 90 1.023298978805542 3.221225472 0.01136998865339491 283.3094711170349
1000 512 512 512 90 1.0275418758392334 3.221225472 0.01141713195376926 282.13963761157567
1000 512 512 512 90 1.0317161083221436 3.221225472 0.011463512314690484 280.998125493528
1000 512 512 512 90 1.0305440425872803 3.221225472 0.011450489362080893 281.3177122951021
1000 512 512 512 90 1.024986982345581 3.221225472 0.011388744248284234 282.8429018840503
1000 512 512 512 90 1.0292878150939941 3.221225472 0.011436531278822158 281.6610555654207
1000 512 512 512 90 1.0286939144134521 3.221225472 0.01142993238237169 281.82366826317144
2197 512 512 512 90 1.048914909362793 3.221225472 0.011654610104031033 276.3906680057757
2197 512 512 512 90 1.031451940536499 3.221225472 0.011460577117072211 281.07009263970764
2197 512 512 512 90 1.0249459743499756 3.221225472 0.011388288603888618 282.85421840293793
2197 512 512 512 90 1.0257868766784668 3.221225472 0.011397631963094075 282.62234492484396
2197 512 512 512 90 1.0331628322601318 3.221225472 0.011479587025112576 280.6046476195785
2197 512 512 512 90 1.0406270027160645 3.221225472 0.011562522252400715 278.59193709496907
2197 512 512 512 90 1.029627799987793 3.221225472 0.011440308888753255 281.56805059404684
2197 512 512 512 90 1.030975103378296 3.221225472 0.01145527892642551 281.2000906035683
2197 512 512 512 90 1.0281450748443604 3.221225472 0.011423834164937337 281.9741100485127
2197 512 512 512 90 1.0318272113800049 3.221225472 0.011464746793111165 280.9678687309118
2197 512 512 512 90 1.0405371189117432 3.221225472 0.011561523543463813 278.61600245765936
2197 512 512 512 90 1.0330379009246826 3.221225472 0.01147819889916314 280.63858278626407
2197 512 512 512 90 1.0484299659729004 3.221225472 0.011649221844143338 276.5185104290443
2197 512 512 512 90 1.0340020656585693 3.221225472 0.01148891184065077 280.3768987592422
2197 512 512 512 90 1.054955005645752 3.221225472 0.0117217222849528 274.8082059694499
2197 512 512 512 90 1.0309948921203613 3.221225472 0.011455498801337349 281.1946932964582
2197 512 512 512 90 1.0436489582061768 3.221225472 0.011596099535624186 277.7852554735432
2197 512 512 512 90 1.0267071723937988 3.221225472 0.011407857471042209 282.3690145302729
2197 512 512 512 90 1.029412031173706 3.221225472 0.011437911457485623 281.62706836586375
2197 512 512 512 90 1.0439260005950928 3.221225472 0.01159917778438992 277.71153541030293
