1 512 512 512 90 0.9372940063476562 3.221225472 0.010414377848307291 309.30560797000123
1 512 512 512 90 0.9418549537658691 3.221225472 0.01046505504184299 307.80779070156836
1 512 512 512 90 0.939877986907959 3.221225472 0.010443088743421767 308.4552426147954
1 512 512 512 90 0.9386570453643799 3.221225472 0.010429522726270887 308.8564603139573
1 512 512 512 90 0.9374549388885498 3.221225472 0.010416165987650553 309.25250959125435
1 512 512 512 90 0.9442510604858398 3.221225472 0.010491678449842666 307.02670572679494
1 512 512 512 90 0.9386410713195801 3.221225472 0.010429345236884224 308.86171651580537
1 512 512 512 90 0.9295392036437988 3.221225472 0.010328213373819986 311.88603056605905
1 512 512 512 90 0.9415910243988037 3.221225472 0.010462122493320042 307.89406968392115
1 512 512 512 90 0.9325551986694336 3.221225472 0.010361724429660372 310.87735384848315
1 512 512 512 90 0.9326050281524658 3.221225472 0.010362278090582953 310.8607435393372
1 512 512 512 90 0.9398880004882812 3.221225472 0.010443200005425347 308.45195632818877
1 512 512 512 90 0.9335529804229736 3.221225472 0.010372810893588595 310.5450880234431
1 512 512 512 90 0.9386279582977295 3.221225472 0.010429199536641438 308.86603144207805
1 512 512 512 90 0.931318998336792 3.221225472 0.0103479888704088 311.2900015974548
1 512 512 512 90 0.9340448379516602 3.221225472 0.010378275977240668 310.38155846540184
1 512 512 512 90 0.9439029693603516 3.221225472 0.010487810770670573 307.13993057619217
1 512 512 512 90 0.9443621635437012 3.221225472 0.010492912928263346 306.9905844089699
1 512 512 512 90 0.9342830181121826 3.221225472 0.010380922423468695 310.3024317682605
1 512 512 512 90 0.9396378993988037 3.221225472 0.010440421104431153 308.53405622047546
