2197 512 512 512 90 1.006438970565796 3.221225472 0.011182655228508843 288.05551152000737
2197 512 512 512 90 1.000309944152832 3.221225472 0.011114554935031468 289.8204643217124
2197 512 512 512 90 1.021346092224121 3.221225472 0.011348289913601345 283.8511790344061
2197 512 512 512 90 1.0026910305023193 3.221225472 0.011141011450025771 289.13222883300676
2197 512 512 512 90 1.0015809535980225 3.221225472 0.01112867726220025 289.4526812221646
2197 512 512 512 90 1.0017869472503662 3.221225472 0.011130966080559624 289.3931621645952
2197 512 512 512 90 0.9995851516723633 3.221225472 0.01110650168524848 290.0306111940173
2197 512 512 512 90 1.015455961227417 3.221225472 0.011282844013637966 285.4976518426022
2197 512 512 512 90 1.037642002105713 3.221225472 0.011529355578952365 279.3933667793688
2197 512 512 512 90 1.0024449825286865 3.221225472 0.011138277583652073 289.2031957192262
2197 512 512 512 90 1.0173060894012451 3.221225472 0.011303400993347168 284.9784302880092
2197 512 512 512 90 1.056675910949707 3.221225472 0.011740843454996744 274.36065256700874
2197 512 512 512 90 1.0010077953338623 3.221225472 0.011122308837042915 289.6184163913602
2197 512 512 512 90 1.015197992324829 3.221225472 0.0112799776924981 285.57019879058083
2197 512 512 512 90 0.9989988803863525 3.221225472 0.01109998755984836 290.2008182110076
2197 512 512 512 90 0.9983718395233154 3.221225472 0.01109302043914795 290.3830827384125
2197 512 512 512 90 1.011354923248291 3.221225472 0.011237276924981011 286.65534306083174
2197 512 512 512 90 1.0115690231323242 3.221225472 0.01123965581258138 286.59467208900145
2197 512 512 512 90 0.9956479072570801 3.221225472 0.011062754525078667 291.17752406940383
2197 512 512 512 90 1.017198085784912 3.221225472 0.01130220095316569 285.00868860394405
