27 512 512 512 90 0.9870240688323975 3.221225472 0.010966934098137749 293.7216037932592
27 512 512 512 90 0.9850809574127197 3.221225472 0.010945343971252441 294.30098135430325
27 512 512 512 90 0.9811930656433105 3.221225472 0.010902145173814562 295.4671232719351
27 512 512 512 90 0.9798460006713867 3.221225472 0.01088717778523763 295.87332323789104
27 512 512 512 90 0.9858770370483398 3.221225472 0.010954189300537109 294.0633381095629
27 512 512 512 90 0.9844610691070557 3.221225472 0.010938456323411729 294.4862946616669
27 512 512 512 90 0.9826450347900391 3.221225472 0.010918278164333767 295.0305371887875
27 512 512 512 90 0.9798588752746582 3.221225472 0.01088732083638509 295.8694356865799
27 512 512 512 90 0.9865620136260986 3.221225472 0.010961800151401095 293.8591679750953
27 512 512 512 90 0.9891538619995117 3.221225472 0.010990598466661242 293.0891781526938
27 512 512 512 90 0.9829168319702148 3.221225472 0.010921298133002386 294.94895503914324
27 512 512 512 90 0.9864559173583984 3.221225472 0.010960621303982204 293.8907734025686
27 512 512 512 90 0.9825069904327393 3.221225472 0.010916744338141547 295.071989617408
27 512 512 512 90 0.984705924987793 3.221225472 0.01094117694430881 294.41306802697864
27 512 512 512 90 0.979964017868042 3.221225472 0.010888489087422688 295.83769117432854
27 512 512 512 90 0.9847640991210938 3.221225472 0.010941823323567709 294.3956758159098
27 512 512 512 90 0.9835910797119141 3.221225472 0.010928789774576822 294.74676871298226
27 512 512 512 90 0.9791169166564941 3.221225472 0.010879076851738823 296.09364065528644
27 512 512 512 90 0.9816069602966309 3.221225472 0.010906744003295898 295.3425395357754
27 512 512 512 90 0.9833881855010986 3.221225472 0.01092653539445665 294.80758133399
