8 512 512 512 90 0.9687850475311279 3.221225472 0.010764278305901421 299.25141105223855
8 512 512 512 90 0.9645669460296631 3.221225472 0.0107174105114407 300.5600530614538
8 512 512 512 90 0.9632339477539062 3.221225472 0.010702599419487847 300.975991508626
8 512 512 512 90 0.9634730815887451 3.221225472 0.010705256462097168 300.90128932501625
8 512 512 512 90 0.9681990146636963 3.221225472 0.010757766829596626 299.4325423690916
8 512 512 512 90 0.9681999683380127 3.221225472 0.01075777742597792 299.4322474288577
8 512 512 512 90 0.9731669425964355 3.221225472 0.010812966028849284 297.9039667197403
8 512 512 512 90 0.9741618633270264 3.221225472 0.010824020703633625 297.5997145791336
8 512 512 512 90 0.9661529064178467 3.221225472 0.01073503229353163 300.06667739052284
8 512 512 512 90 0.9670360088348389 3.221225472 0.01074484454260932 299.7926549077596
8 512 512 512 90 0.9747970104217529 3.221225472 0.010831077893575033 297.4058079584879
8 512 512 512 90 0.9715781211853027 3.221225472 0.010795312457614475 298.3911289874623
8 512 512 512 90 0.9669270515441895 3.221225472 0.01074363390604655 299.8264367689488
8 512 512 512 90 0.9685518741607666 3.221225472 0.010761687490675185 299.32345413218286
8 512 512 512 90 0.9622619152069092 3.221225472 0.010691799057854546 301.28002355539803
8 512 512 512 90 0.9672901630401611 3.221225472 0.010747668478224013 299.7138847859483
8 512 512 512 90 0.9680109024047852 3.221225472 0.010755676693386501 299.4907306930006
8 512 512 512 90 0.9707579612731934 3.221225472 0.010786199569702148 298.64322935839687
8 512 512 512 90 0.9707150459289551 3.221225472 0.010785722732543945 298.65643238542947
8 512 512 512 90 0.9659500122070312 3.221225472 0.010732777913411458 300.12970528112976
