1 512 512 512 90 0.9340479373931885 3.221225472 0.010378310415479873 310.3805285295137
1 512 512 512 90 0.9466681480407715 3.221225472 0.010518534978230795 306.2427874857727
1 512 512 512 90 0.9535219669342041 3.221225472 0.010594688521491157 304.0415454843996
1 512 512 512 90 0.9361491203308105 3.221225472 0.010401656892564561 309.68388068083993
1 512 512 512 90 0.9420769214630127 3.221225472 0.01046752134958903 307.7352664894703
1 512 512 512 90 0.93709397315979 3.221225472 0.010412155257331 309.37163271091225
1 512 512 512 90 0.9356751441955566 3.221225472 0.01039639049106174 309.84075432424714
1 512 512 512 90 0.9484589099884033 3.221225472 0.010538432333204482 305.6645780084924
1 512 512 512 90 0.943687915802002 3.221225472 0.01048542128668891 307.2099235620889
1 512 512 512 90 0.9328708648681641 3.221225472 0.01036523183186849 310.7721587177781
1 512 512 512 90 0.938805103302002 3.221225472 0.010431167814466688 308.80775089559717
1 512 512 512 90 0.9378070831298828 3.221225472 0.010420078701443142 309.13638603841565
1 512 512 512 90 0.9503159523010254 3.221225472 0.01055906613667806 305.0672692361235
1 512 512 512 90 0.9375438690185547 3.221225472 0.010417154100206162 309.22317564028833
1 512 512 512 90 0.9450640678405762 3.221225472 0.01050071186489529 306.76258080833657
1 512 512 512 90 0.9377551078796387 3.221225472 0.010419501198662652 309.1535199797708
1 512 512 512 90 0.9454519748687744 3.221225472 0.010505021942986383 306.6367199880656
1 512 512 512 90 0.9402899742126465 3.221225472 0.010447666380140516 308.3200931954602
1 512 512 512 90 0.9480838775634766 3.221225472 0.010534265306260851 305.7854893862909
1 512 512 512 90 0.9321670532226562 3.221225472 0.010357411702473958 311.0068002057485
