125 512 512 512 90 0.9970932006835938 3.221225472 0.01107881334092882 290.7554602531051
125 512 512 512 90 1.0150079727172852 3.221225472 0.011277866363525391 285.6236603776412
125 512 512 512 90 1.0006930828094482 3.221225472 0.011118812031216091 289.70949980595066
125 512 512 512 90 1.0041658878326416 3.221225472 0.011157398753696018 288.70756913056744
125 512 512 512 90 1.0230579376220703 3.221225472 0.011367310418023004 283.37622124691075
125 512 512 512 90 1.0218260288238525 3.221225472 0.01135362254248725 283.71785832632787
125 512 512 512 90 1.0313291549682617 3.221225472 0.011459212832980686 281.1035556237346
125 512 512 512 90 1.0081279277801514 3.221225472 0.011201421419779459 287.57292055024044
125 512 512 512 90 1.0158588886260986 3.221225472 0.01128732098473443 285.38441286081576
125 512 512 512 90 0.9918308258056641 3.221225472 0.011020342508951822 292.29812679446206
125 512 512 512 90 1.0006229877471924 3.221225472 0.011118033197191027 289.7297943681121
125 512 512 512 90 1.0198469161987305 3.221225472 0.011331632402208117 284.26844056221785
125 512 512 512 90 1.0079660415649414 3.221225472 0.011199622684054904 287.6191067209893
125 512 512 512 90 0.996452808380127 3.221225472 0.0110716978708903 290.94232064164646
125 512 512 512 90 1.016430139541626 3.221225472 0.011293668217129177 285.2240219979499
125 512 512 512 90 1.0135829448699951 3.221225472 0.011262032720777724 286.0252275823215
125 512 512 512 90 0.9945950508117676 3.221225472 0.011051056120130751 291.4857581921218
125 512 512 512 90 1.0017030239105225 3.221225472 0.011130033599005804 289.41740771454073
125 512 512 512 90 1.0160350799560547 3.221225472 0.011289278666178385 285.3349241568895
125 512 512 512 90 0.9946188926696777 3.221225472 0.011051321029663086 291.47877103143054
