1000 512 512 512 90 1.0334599018096924 3.221225472 0.01148288779788547 280.5239874061276
1000 512 512 512 90 1.0170190334320068 3.221225472 0.011300211482577854 285.0588661076244
1000 512 512 512 90 1.0364751815795898 3.221225472 0.011516390906439886 279.7078961776743
1000 512 512 512 90 1.0034151077270508 3.221225472 0.011149056752522786 288.92358730446927
1000 512 512 512 90 1.0056180953979492 3.221225472 0.011173534393310546 288.2906481165447
1000 512 512 512 90 1.0111370086669922 3.221225472 0.011234855651855469 286.71712141383904
1000 512 512 512 90 1.0050580501556396 3.221225472 0.011167311668395996 288.4512913807372
1000 512 512 512 90 1.020353078842163 3.221225472 0.01133725643157959 284.12742460577783
1000 512 512 512 90 0.9975872039794922 3.221225472 0.011084302266438802 290.6114786993196
1000 512 512 512 90 1.010585069656372 3.221225472 0.011228722996181911 286.87371423226926
1000 512 512 512 90 1.0133888721466064 3.221225472 0.011259876357184517 286.0800038842925
1000 512 512 512 90 0.9983890056610107 3.221225472 0.011093211174011231 290.3780899390583
1000 512 512 512 90 0.9993908405303955 3.221225472 0.01110434267255995 290.0870017241094
1000 512 512 512 90 0.9988658428192139 3.221225472 0.011098509364657932 290.23946965866094
1000 512 512 512 90 1.0087361335754395 3.221225472 0.011208179261949327 287.3995317808438
1000 512 512 512 90 1.0233879089355469 3.221225472 0.011370976765950521 283.2848521549795
1000 512 512 512 90 1.0156311988830566 3.221225472 0.01128479109870063 285.44839189543376
1000 512 512 512 90 0.9957358837127686 3.221225472 0.011063732041252983 291.1517976022123
1000 512 512 512 90 0.9934961795806885 3.221225472 0.011038846439785428 291.8081603518179
1000 512 512 512 90 0.9957840442657471 3.221225472 0.011064267158508301 291.1377162040879
