64 512 512 512 90 0.9891541004180908 3.221225472 0.010990601115756565 293.08910750858956
64 512 512 512 90 0.9896070957183838 3.221225472 0.010995634396870931 292.9549451841247
64 512 512 512 90 0.992056131362915 3.221225472 0.011022845904032389 292.23174305844265
64 512 512 512 90 0.9884791374206543 3.221225472 0.010983101526896159 293.28923748101994
64 512 512 512 90 0.994920015335083 3.221225472 0.011054666837056477 291.39055201574166
64 512 512 512 90 0.9878499507904053 3.221225472 0.010976110564337836 293.47604081777297
64 512 512 512 90 0.9888169765472412 3.221225472 0.010986855294969346 293.18903230435126
64 512 512 512 90 0.9844260215759277 3.221225472 0.010938066906399197 294.49677896150524
64 512 512 512 90 0.9901220798492432 3.221225472 0.011001356442769368 292.80257291519246
64 512 512 512 90 0.9839041233062744 3.221225472 0.010932268036736383 294.65299068551144
64 512 512 512 90 0.9850249290466309 3.221225472 0.010944721433851454 294.3177212383786
64 512 512 512 90 0.9897830486297607 3.221225472 0.010997589429219563 292.90286682657074
64 512 512 512 90 0.9830901622772217 3.221225472 0.010923224025302464 294.8969520846941
64 512 512 512 90 0.9945449829101562 3.221225472 0.011050499810112847 291.50043232000246
64 512 512 512 90 0.9882810115814209 3.221225472 0.010980900128682454 293.34803470127724
64 512 512 512 90 0.9904758930206299 3.221225472 0.01100528770022922 292.69797934795537
64 512 512 512 90 0.9823501110076904 3.221225472 0.010915001233418783 295.119112047141
64 512 512 512 90 0.9806761741638184 3.221225472 0.010896401935153538 295.6228570834755
64 512 512 512 90 0.9884629249572754 3.221225472 0.01098292138841417 293.2940479204426
64 512 512 512 90 0.9870820045471191 3.221225472 0.010967577828301324 293.7043641201959
