216 512 512 512 90 1.0110080242156982 3.221225472 0.011233422491285536 286.75370079767805
216 512 512 512 90 1.003983974456787 3.221225472 0.011155377493964301 288.7598804919751
216 512 512 512 90 0.9931049346923828 3.221225472 0.011034499274359809 291.92312146732064
216 512 512 512 90 0.9962389469146729 3.221225472 0.011069321632385254 291.00477689398207
216 512 512 512 90 0.9913389682769775 3.221225472 0.01101487742529975 292.4431518957498
216 512 512 512 90 0.9879758358001709 3.221225472 0.010977509286668565 293.4386469535451
216 512 512 512 90 0.9968409538269043 3.221225472 0.011076010598076714 290.82903482950326
216 512 512 512 90 0.9944860935211182 3.221225472 0.01104984548356798 291.5176937804447
216 512 512 512 90 0.9922730922698975 3.221225472 0.01102525658077664 292.1678464713872
216 512 512 512 90 0.9938778877258301 3.221225472 0.011043087641398112 291.69608868486495
216 512 512 512 90 1.0026028156280518 3.221225472 0.01114003128475613 289.15766838176495
216 512 512 512 90 1.000662088394165 3.221225472 0.011118467648824055 289.71847324129175
216 512 512 512 90 0.9929680824279785 3.221225472 0.011032978693644205 291.9633547244734
216 512 512 512 90 0.9897878170013428 3.221225472 0.010997642411126031 292.901455746658
216 512 512 512 90 0.9945991039276123 3.221225472 0.011051101154751247 291.48457035117127
216 512 512 512 90 0.994642972946167 3.221225472 0.011051588588290744 291.4717143391419
216 512 512 512 90 0.9960529804229736 3.221225472 0.01106725533803304 291.0591084792394
216 512 512 512 90 0.991070032119751 3.221225472 0.01101188924577501 292.5225090904274
216 512 512 512 90 0.996103048324585 3.221225472 0.011067811648050945 291.0444787490815
216 512 512 512 90 0.9962210655212402 3.221225472 0.011069122950236003 291.01000020343264
