512 512 512 512 90 0.9991440773010254 3.221225472 0.011101600858900282 290.1586458512879
512 512 512 512 90 0.9981718063354492 3.221225472 0.011090797848171657 290.44127537957297
512 512 512 512 90 0.9976179599761963 3.221225472 0.011084643999735515 290.6025193120194
512 512 512 512 90 1.0039019584655762 3.221225472 0.011154466205173068 288.7834713691726
512 512 512 512 90 1.0002031326293945 3.221225472 0.011113368140326606 289.8514142000998
512 512 512 512 90 1.0193839073181152 3.221225472 0.011326487859090168 284.3975566013412
512 512 512 512 90 1.0015339851379395 3.221225472 0.01112815539042155 289.46625554605737
512 512 512 512 90 1.0001678466796875 3.221225472 0.01111297607421875 289.86164016612935
512 512 512 512 90 0.998852014541626 3.221225472 0.011098355717129178 290.24348778336304
512 512 512 512 90 0.9998509883880615 3.221225472 0.011109455426534017 289.953498918261
512 512 512 512 90 0.9953110218048096 3.221225472 0.011059011353386774 291.276079666336
512 512 512 512 90 0.9934980869293213 3.221225472 0.011038867632548015 291.80760012940476
512 512 512 512 90 0.9922981262207031 3.221225472 0.01102553473578559 292.16047558626474
512 512 512 512 90 0.9951930046081543 3.221225472 0.011057700051201715 291.3106212941567
512 512 512 512 90 0.9982829093933105 3.221225472 0.01109203232659234 290.40895096179503
512 512 512 512 90 0.9964919090270996 3.221225472 0.01107213232252333 290.93090456002477
512 512 512 512 90 0.9925789833068848 3.221225472 0.011028655370076497 292.0778067596519
512 512 512 512 90 1.0022060871124268 3.221225472 0.011135623190138074 289.2721329555027
512 512 512 512 90 0.991750955581665 3.221225472 0.0110194550620185 292.3216668946557
512 512 512 512 90 0.9951310157775879 3.221225472 0.011057011286417643 291.3287676532384
