216 512 512 512 90 1.0250859260559082 3.221225472 0.011389843622843425 282.8156012203296
216 512 512 512 90 1.0291941165924072 3.221225472 0.01143549018436008 281.6866981710637
216 512 512 512 90 1.021780014038086 3.221225472 0.011353111267089844 283.73063526098076
216 512 512 512 90 1.0198049545288086 3.221225472 0.011331166161431207 284.28013728757605
216 512 512 512 90 1.022798776626587 3.221225472 0.011364430851406522 283.448024288988
216 512 512 512 90 1.024284839630127 3.221225472 0.011380942662556966 283.03678943904674
216 512 512 512 90 1.0317859649658203 3.221225472 0.011464288499620225 280.9791006312087
216 512 512 512 90 1.0252671241760254 3.221225472 0.011391856935289171 282.76561848502814
216 512 512 512 90 1.0273308753967285 3.221225472 0.011414787504408094 282.19758543521255
216 512 512 512 90 1.0252220630645752 3.221225472 0.011391356256273058 282.7780467515549
216 512 512 512 90 1.0219321250915527 3.221225472 0.011354801389906142 283.6884029397036
216 512 512 512 90 1.0217931270599365 3.221225472 0.011353256967332628 283.72699404837005
216 512 512 512 90 1.0233349800109863 3.221225472 0.011370388666788737 283.29950421208855
216 512 512 512 90 1.0295839309692383 3.221225472 0.011439821455213758 281.5800477840421
216 512 512 512 90 1.023813009262085 3.221225472 0.011375700102912055 283.16722864163773
216 512 512 512 90 1.0218260288238525 3.221225472 0.01135362254248725 283.71785832632787
216 512 512 512 90 1.0258259773254395 3.221225472 0.011398066414727105 282.61157241880517
216 512 512 512 90 1.0240209102630615 3.221225472 0.011378010114034018 283.10973884852086
216 512 512 512 90 1.0236899852752686 3.221225472 0.011374333169725206 283.2012588284173
216 512 512 512 90 1.0213518142700195 3.221225472 0.011348353491889106 283.8495887797533
