512 512 512 512 90 1.0303359031677246 3.221225472 0.011448176701863606 281.37454163121265
512 512 512 512 90 1.0290100574493408 3.221225472 0.011433445082770454 281.7370835019973
512 512 512 512 90 1.0246670246124268 3.221225472 0.011385189162360298 282.93122108585135
512 512 512 512 90 1.033588171005249 3.221225472 0.011484313011169433 280.489174134064
512 512 512 512 90 1.0225529670715332 3.221225472 0.011361699634128147 283.5161618182652
512 512 512 512 90 1.022284984588623 3.221225472 0.0113587220509847 283.5904829382411
512 512 512 512 90 1.0221688747406006 3.221225472 0.011357431941562229 283.6226964488344
512 512 512 512 90 1.0271661281585693 3.221225472 0.01141295697953966 282.24284712321133
512 512 512 512 90 1.0199179649353027 3.221225472 0.011332421832614474 284.2486380739358
512 512 512 512 90 1.025109052658081 3.221225472 0.01139010058508979 282.8092208612051
512 512 512 512 90 1.025683879852295 3.221225472 0.011396487553914389 282.6507252134536
512 512 512 512 90 1.0211849212646484 3.221225472 0.01134649912516276 283.89597852754366
512 512 512 512 90 1.0226640701293945 3.221225472 0.011362934112548828 283.4853603914319
512 512 512 512 90 1.027890920639038 3.221225472 0.011421010229322645 282.04383038986595
512 512 512 512 90 1.0252108573913574 3.221225472 0.011391231748792861 282.7811375483039
512 512 512 512 90 1.0222411155700684 3.221225472 0.011358234617445204 283.60265309650265
512 512 512 512 90 1.0271611213684082 3.221225472 0.011412901348537868 282.2442228866438
512 512 512 512 90 1.0223748683929443 3.221225472 0.011359720759921603 283.5655506044526
512 512 512 512 90 1.023226022720337 3.221225472 0.011369178030225966 283.32967110164753
512 512 512 512 90 1.0279240608215332 3.221225472 0.01142137845357259 282.0347373212561
