1000 512 512 512 90 1.0321760177612305 3.221225472 0.011468622419569228 280.8729204044187
1000 512 512 512 90 1.0510649681091309 3.221225472 0.011678499645657009 275.8252831902004
1000 512 512 512 90 1.0273869037628174 3.221225472 0.011415410041809081 282.18219583897746
1000 512 512 512 90 1.0277771949768066 3.221225472 0.011419746610853408 282.075039120266
1000 512 512 512 90 1.0329020023345947 3.221225472 0.01147668891482883 280.67550631592974
1000 512 512 512 90 1.0249109268188477 3.221225472 0.011387899186876086 282.86389079666964
1000 512 512 512 90 1.037930965423584 3.221225472 0.011532566282484266 279.3155827677676
1000 512 512 512 90 1.0536549091339111 3.221225472 0.011707276768154569 275.14728965511296
1000 512 512 512 90 1.0262329578399658 3.221225472 0.011402588420444065 282.4994951343295
1000 512 512 512 90 1.0329978466033936 3.221225472 0.011477753851148817 280.6494645010692
1000 512 512 512 90 1.0336041450500488 3.221225472 0.011484490500556098 280.4848392572594
1000 512 512 512 90 1.0281410217285156 3.221225472 0.01142378913031684 281.9752216409004
1000 512 512 512 90 1.0298659801483154 3.221225472 0.011442955334981282 281.5029315156607
1000 512 512 512 90 1.023298978805542 3.221225472 0.01136998865339491 283.3094711170349
1000 512 512 512 90 1.0275418758392334 3.221225472 0.01141713195376926 282.13963761157567
1000 512 512 512 90 1.0317161083221436 3.221225472 0.011463512314690484 280.998125493528
1000 512 512 512 90 1.0305440425872803 3.221225472 0.011450489362080893 281.3177122951021
1000 512 512 512 90 1.024986982345581 3.221225472 0.011388744248284234 282.8429018840503
1000 512 512 512 90 1.0292878150939941 3.221225472 0.011436531278822158 281.6610555654207
1000 512 512 512 90 1.0286939144134521 3.221225472 0.01142993238237169 281.82366826317144
