64 512 512 512 90 1.024595022201538 3.221225472 0.011384389135572645 282.95110380008714
64 512 512 512 90 1.0188770294189453 3.221225472 0.011320855882432725 284.53904063901876
64 512 512 512 90 1.024925947189331 3.221225472 0.011388066079881456 282.8597454040705
64 512 512 512 90 1.0149600505828857 3.221225472 0.011277333895365397 285.63714632266186
64 512 512 512 90 1.0179758071899414 3.221225472 0.01131084230211046 284.7909453568246
64 512 512 512 90 1.0129811763763428 3.221225472 0.011255346404181587 286.19514285257804
64 512 512 512 90 1.0204441547393799 3.221225472 0.01133826838599311 284.10206588330425
64 512 512 512 90 1.0188329219818115 3.221225472 0.011320365799797906 284.5513589373151
64 512 512 512 90 1.0134727954864502 3.221225472 0.011260808838738336 286.0563142603624
64 512 512 512 90 1.0123369693756104 3.221225472 0.011248188548617893 286.3772649326548
64 512 512 512 90 1.0179169178009033 3.221225472 0.011310187975565593 284.80742132306733
64 512 512 512 90 1.018286943435669 3.221225472 0.011314299371507432 284.7039278553956
64 512 512 512 90 1.0203800201416016 3.221225472 0.011337555779351128 284.1199227320897
64 512 512 512 90 1.018629789352417 3.221225472 0.01131810877058241 284.6081034644661
64 512 512 512 90 1.0183768272399902 3.221225472 0.011315298080444337 284.67879936517824
64 512 512 512 90 1.017143964767456 3.221225472 0.01130159960852729 285.0238535764016
64 512 512 512 90 1.0198941230773926 3.221225472 0.01133215692308214 284.2552828966549
64 512 512 512 90 1.0157451629638672 3.221225472 0.01128605736626519 285.416365295862
64 512 512 512 90 1.0269749164581299 3.221225472 0.011410832405090332 282.2953977102514
64 512 512 512 90 1.0178780555725098 3.221225472 0.011309756173027886 284.8182951708677
