2197 512 512 512 90 1.048914909362793 3.221225472 0.011654610104031033 276.3906680057757
2197 512 512 512 90 1.031451940536499 3.221225472 0.011460577117072211 281.07009263970764
2197 512 512 512 90 1.0249459743499756 3.221225472 0.011388288603888618 282.85421840293793
2197 512 512 512 90 1.0257868766784668 3.221225472 0.011397631963094075 282.62234492484396
2197 512 512 512 90 1.0331628322601318 3.221225472 0.011479587025112576 280.6046476195785
2197 512 512 512 90 1.0406270027160645 3.221225472 0.011562522252400715 278.59193709496907
2197 512 512 512 90 1.029627799987793 3.221225472 0.011440308888753255 281.56805059404684
2197 512 512 512 90 1.030975103378296 3.221225472 0.01145527892642551 281.2000906035683
2197 512 512 512 90 1.0281450748443604 3.221225472 0.011423834164937337 281.9741100485127
2197 512 512 512 90 1.0318272113800049 3.221225472 0.011464746793111165 280.9678687309118
2197 512 512 512 90 1.0405371189117432 3.221225472 0.011561523543463813 278.61600245765936
2197 512 512 512 90 1.0330379009246826 3.221225472 0.01147819889916314 280.63858278626407
2197 512 512 512 90 1.0484299659729004 3.221225472 0.011649221844143338 276.5185104290443
2197 512 512 512 90 1.0340020656585693 3.221225472 0.01148891184065077 280.3768987592422
2197 512 512 512 90 1.054955005645752 3.221225472 0.0117217222849528 274.8082059694499
2197 512 512 512 90 1.0309948921203613 3.221225472 0.011455498801337349 281.1946932964582
2197 512 512 512 90 1.0436489582061768 3.221225472 0.011596099535624186 277.7852554735432
2197 512 512 512 90 1.0267071723937988 3.221225472 0.011407857471042209 282.3690145302729
2197 512 512 512 90 1.029412031173706 3.221225472 0.011437911457485623 281.62706836586375
2197 512 512 512 90 1.0439260005950928 3.221225472 0.01159917778438992 277.71153541030293
