125 512 512 512 90 1.0315780639648438 3.221225472 0.011461978488498264 281.03572827609116
125 512 512 512 90 1.0250580310821533 3.221225472 0.011389533678690592 282.823297500476
125 512 512 512 90 1.0340421199798584 3.221225472 0.011489356888665094 280.3660381703281
125 512 512 512 90 1.0235490798950195 3.221225472 0.011372767554389106 283.2402453136245
125 512 512 512 90 1.0225999355316162 3.221225472 0.011362221505906846 283.5031397975643
125 512 512 512 90 1.03078293800354 3.221225472 0.01145314375559489 281.25251378482204
125 512 512 512 90 1.028069019317627 3.221225472 0.011422989103529188 281.9949702136008
125 512 512 512 90 1.0197720527648926 3.221225472 0.011330800586276585 284.28930925687814
125 512 512 512 90 1.027782917022705 3.221225472 0.011419810189141167 282.07346870467154
125 512 512 512 90 1.0466759204864502 3.221225472 0.011629732449849446 276.98190701211706
125 512 512 512 90 1.0260732173919678 3.221225472 0.01140081352657742 282.5434750327881
125 512 512 512 90 1.0255498886108398 3.221225472 0.011394998762342665 282.68765439845976
125 512 512 512 90 1.0263237953186035 3.221225472 0.01140359772576226 282.4744917757681
125 512 512 512 90 1.0180480480194092 3.221225472 0.011311644977993435 284.7707365521837
125 512 512 512 90 1.021589994430542 3.221225472 0.011350999938117133 283.7834102335769
125 512 512 512 90 1.039639949798584 3.221225472 0.011551554997762043 278.85643730424766
125 512 512 512 90 1.0382180213928223 3.221225472 0.01153575579325358 279.2383550528921
125 512 512 512 90 1.026151180267334 3.221225472 0.011401679780748155 282.5220085060685
125 512 512 512 90 1.0319550037384033 3.221225472 0.011466166708204481 280.9330750175723
125 512 512 512 90 1.0234251022338867 3.221225472 0.011371390024820963 283.2745570215121
