27 512 512 512 90 1.0259640216827393 3.221225472 0.011399600240919325 282.5735467843233
27 512 512 512 90 1.0188629627227783 3.221225472 0.011320699585808648 284.54296906156304
27 512 512 512 90 1.023468017578125 3.221225472 0.011371866861979166 283.2626789511477
27 512 512 512 90 1.0134360790252686 3.221225472 0.01126040087805854 286.0666779880564
27 512 512 512 90 1.0192108154296875 3.221225472 0.011324564615885416 284.44585564741794
27 512 512 512 90 1.0172181129455566 3.221225472 0.011302423477172852 285.00307730512907
27 512 512 512 90 1.0219600200653076 3.221225472 0.011355111334058974 283.68065950512766
27 512 512 512 90 1.0158379077911377 3.221225472 0.011287087864345974 285.3903071114838
27 512 512 512 90 1.0157220363616943 3.221225472 0.011285800404018826 285.42286383630665
27 512 512 512 90 1.019331932067871 3.221225472 0.01132591035630968 284.41205789744316
27 512 512 512 90 1.0130431652069092 3.221225472 0.011256035168965657 286.1776303685808
27 512 512 512 90 1.0182631015777588 3.221225472 0.011314034461975098 284.71059398184553
27 512 512 512 90 1.0200870037078857 3.221225472 0.01133430004119873 284.2015351888743
27 512 512 512 90 1.0138649940490723 3.221225472 0.011265166600545247 285.94565763848436
27 512 512 512 90 1.0143451690673828 3.221225472 0.011270501878526476 285.8102954702802
27 512 512 512 90 1.0075318813323975 3.221225472 0.011194798681471083 287.7430460032807
27 512 512 512 90 1.0179579257965088 3.221225472 0.01131064361996121 284.7959479790459
27 512 512 512 90 1.0140039920806885 3.221225472 0.01126671102311876 285.90646066897403
27 512 512 512 90 1.0189950466156006 3.221225472 0.011322167184617784 284.5060861118827
27 512 512 512 90 1.0126969814300537 3.221225472 0.011252188682556152 286.27545830205867
