8 512 512 512 90 0.9805209636688232 3.221225472 0.010894677374098036 295.6696523807511
8 512 512 512 90 0.9866609573364258 3.221225472 0.010962899525960286 293.829699375799
8 512 512 512 90 0.9808030128479004 3.221225472 0.010897811253865559 295.5846267623143
8 512 512 512 90 0.9871678352355957 3.221225472 0.01096853150261773 293.67882758336685
8 512 512 512 90 0.9833920001983643 3.221225472 0.010926577779981825 294.8064377394985
8 512 512 512 90 0.9821388721466064 3.221225472 0.010912654134962294 295.18258639570917
8 512 512 512 90 0.987868070602417 3.221225472 0.010976311895582411 293.4706577804547
8 512 512 512 90 0.9853620529174805 3.221225472 0.010948467254638671 294.2170257334627
8 512 512 512 90 0.980492115020752 3.221225472 0.01089435683356391 295.67835175692784
8 512 512 512 90 0.9835770130157471 3.221225472 0.010928633477952745 294.75098405472653
8 512 512 512 90 0.9855170249938965 3.221225472 0.01095018916659885 294.17076024820113
8 512 512 512 90 0.9810080528259277 3.221225472 0.010900089475843642 295.52284677467605
8 512 512 512 90 0.9866561889648438 3.221225472 0.01096284654405382 293.8311194137049
8 512 512 512 90 0.979773998260498 3.221225472 0.010886377758449979 295.8950666120044
8 512 512 512 90 0.9796319007873535 3.221225472 0.01088479889763726 295.93798675501705
8 512 512 512 90 0.9798989295959473 3.221225472 0.010887765884399414 295.857341735787
8 512 512 512 90 0.9837348461151123 3.221225472 0.010930387179056804 294.7036934036552
8 512 512 512 90 0.9833722114562988 3.221225472 0.010926357905069987 294.8123702322899
8 512 512 512 90 0.9876101016998291 3.221225472 0.010973445574442546 293.54731384482574
8 512 512 512 90 0.9800069332122803 3.221225472 0.010888965924580891 295.8247361880676
