1 512 512 512 90 0.9406859874725342 3.221225472 0.010452066527472601 308.1902955299041
1 512 512 512 90 0.9445340633392334 3.221225472 0.010494822925991482 306.9347138790033
1 512 512 512 90 0.9444530010223389 3.221225472 0.010493922233581542 306.96105805813716
1 512 512 512 90 0.9364500045776367 3.221225472 0.01040500005086263 309.5843783040581
1 512 512 512 90 0.936363935470581 3.221225472 0.0104040437274509 309.61283481545246
1 512 512 512 90 0.9363939762115479 3.221225472 0.010404377513461642 309.6029020315955
1 512 512 512 90 0.93212890625 3.221225472 0.010356987847222223 311.01952802464115
1 512 512 512 90 0.9439539909362793 3.221225472 0.01048837767706977 307.12332938223693
1 512 512 512 90 0.9438271522521973 3.221225472 0.010486968358357747 307.1646029553237
1 512 512 512 90 0.9510378837585449 3.221225472 0.010567087597317166 304.8356931211419
1 512 512 512 90 0.9445858001708984 3.221225472 0.01049539777967665 306.91790245793254
1 512 512 512 90 0.9474070072174072 3.221225472 0.010526744524637859 306.00395634763606
1 512 512 512 90 0.9386618137359619 3.221225472 0.010429575708177355 308.8548913331521
1 512 512 512 90 0.9442949295043945 3.221225472 0.010492165883382162 307.0124422167098
1 512 512 512 90 0.9362149238586426 3.221225472 0.010402388042873807 309.6621139995553
1 512 512 512 90 0.9343531131744385 3.221225472 0.01038170125749376 310.2791529157942
1 512 512 512 90 0.9438211917877197 3.221225472 0.010486902130974664 307.1665427758327
1 512 512 512 90 0.9379210472106934 3.221225472 0.010421344969007705 309.0988237679188
1 512 512 512 90 0.950782060623169 3.221225472 0.01056424511803521 304.91771404477777
1 512 512 512 90 0.941072940826416 3.221225472 0.0104563660091824 308.0635728675945
